0.3967391 0.6304348
0.5978261 0.9402174
0.3913043 0.5543478
0.8315217 0.2663043
0.2717391 0.9347826
0.798913 0.9130435
0.25 0.125
0.1521739 0.2608696
0.01630435 0.798913
0.9782609 0.7771739
0.7663043 0.3532609
0.6956522 0.08695652
0.423913 0.8858696
0.7391304 0.6467391
0.6902174 0.5434783
0.0326087 0.4293478
0.673913 0.8097826
0.298913 0.9293478
0.8369565 0.173913
0.01086957 0.05434783
0.9021739 0.5815217
0.2336957 0.4565217
0.5869565 0.3913043
0.9619565 0.3858696
0.4891304 0.3206522
0.6847826 0.1467391
0.1847826 0.2880435
0.701087 0.05978261
0.125 0.7880435
0.7228261 0.3152174
0.2663043 0.7826087
0.6304348 0.9021739
0.5 0.1141304
0.3804348 0.8695652
0.2282609 0.5326087
0.2826087 0.8369565
0.02717391 0.6847826
0.2554348 0.9076087
0.8532609 0.8478261
0.3152174 0.298913
0.07608696 0.1793478
0.3315217 0.7663043
0.9347826 0.2173913
0.5652174 0.875
0.4836957 0.5271739
0.4402174 0.06521739
0.1413043 0.0923913
0.4945652 0.5163043
0.2880435 0.9184783
0.2065217 0.75
0.8206522 0.6195652
0.3641304 0.7717391
0.9836957 0.4402174
0.6141304 0.07065217
0.826087 0.423913
0.6630435 0.5597826
0.3206522 0.07608696
0.0923913 0.9891304
0.1195652 0.6630435
0.8043478 0.4945652
0.5108696 0.7445652
0.7173913 0.4021739
0.7608696 0.548913
0.2228261 0.4836957
0.8804348 0.6032609
0.8152174 0.5108696
0.4673913 0.5923913
0.1358696 0.8206522
0.5163043 0.375
0.1630435 0.4347826
0.6032609 0.2554348
0.6521739 0.3478261
0.4456522 0.6576087
0.6413043 0.1902174
0.6576087 0.0326087
0.4076087 0.6521739
0.4565217 0.951087
0.6086957 0.625
0.08695652 0.1576087
0.9076087 0.7173913
0.8586957 0.8423913
0.4021739 0.1413043
0.5923913 0.005434783
0.3423913 0.7119565
0.2445652 0.923913
0.7119565 0.2934783
0.5815217 0.7065217
0.8097826 0.9565217
0.06521739 0.4782609
0.7065217 0.3423913
0.6195652 0.7391304
0.8641304 0.2065217
0.8913043 0.9782609
0.173913 0.9945652
0.1793478 0.4076087
0.3097826 0.9728261
0.4293478 0.2336957
0.3043478 0.08152174
0.2771739 0.8913043
0.1086957 0.6358696
0.1467391 0.6413043
0.5434783 0.01630435
0.1902174 0.03804348
0.9456522 0.7934783
0.9293478 0.9619565
0.9728261 0.9836957
0.1684783 0.3097826
0.5706522 0.1358696
0.1576087 0.5869565
0.4619565 0.8532609
0.2391304 0.451087
0.2119565 0.1521739
0.2934783 0.6956522
0.7826087 0.701087
0.9130435 0.02173913
0.3478261 0.6141304
0.03804348 0.5054348
0.201087 0.2391304
0.9673913 0.3804348
0.6467391 0.8967391
0.7336957 0.3315217
0.8695652 0.7554348
0.9565217 0.2445652
0.3858696 0.4673913
0.04347826 0.673913
0.6358696 0.3641304
0.7717391 0.5978261
0.4130435 0.2826087
0.7554348 0.9673913
0.4347826 0.7228261
0.6684783 0.8315217
0.2173913 0.4891304
0.9184783 0.2717391
0.5054348 0.04891304
0.1141304 0.1684783
0.8967391 0.3695652
0.548913 0.1032609
0.75 0.09782609
0.5543478 0.8804348
0.4782609 0.5706522
0.9402174 0.1630435
0.1032609 0.5380435
0.326087 0.4456522
0.576087 0.4728261
0.8423913 0.3043478
0.05434783 0.3369565
0.5380435 0.7282609
0.005434783 0.8152174
0.07065217 0.2228261
0.8858696 0.01086957
0.9945652 0.576087
0.5217391 0.826087
0.625 0.6793478
0.7934783 0.2771739
0.08152174 0.326087
0.3532609 0.3586957
0.7880435 0.1847826
0.02173913 0.02717391
0.4184783 0.9456522
0.5326087 0.8641304
0.7282609 0.2119565
0.2608696 0.1304348
0.451087 0.5217391
0.5271739 0.6902174
0.8478261 0.3967391
0.4728261 0.6684783
0.1956522 0.4619565
0.3586957 0.04347826
0.9891304 0.7336957
0.7445652 0.8043478
0.923913 0.1086957
0.951087 0.4184783
0.1304348 0.7608696
0.04891304 0.1956522
0.05978261 0.1195652
0.09782609 0.5
0.7771739 0.2282609
0.3369565 0.201087
0.5597826 0.5652174
0.3695652 0.8586957
0.875 0.25
0.375 0.6086957
0.6793478 0.4130435
