0.508982 0.5748503
0.7065868 0.9341317
0.3652695 0.07185629
0.988024 0.7365269
0.4790419 0.04191617
0.8143713 0.1437126
0.4610778 0.4491018
0.3712575 0.2155689
0.748503 0.8682635
0.8263473 0.6526946
0.6766467 0.6467066
0.6107784 0.8742515
0.1377246 0.8802395
0.1437126 0.2754491
0.742515 0.2634731
0.02994012 0.5269461
0.9640719 0.7305389
0.2694611 0.5508982
0.8982036 0.5389222
0.5508982 0.3772455
0.4431138 0.245509
0.05389222 0.1556886
0.7245509 0.07784431
0.4371257 0.1077844
0.7724551 0.239521
0.7964072 0.9820359
0.5449102 0.9041916
0.3952096 0.8323353
0.01197605 0.7005988
0.8682635 0.7904192
0.8562874 0.1017964
0.4491018 0.5688623
0.2874251 0.257485
0.9820359 0.9700599
0.6047904 0.6706587
0.1556886 0.7185629
0.5868263 0.7664671
0.9760479 0.2275449
0.6646707 0.4191617
0.6946108 0.7065868
0.1257485 0.988024
0.1676647 0.8443114
0.5808383 0.3952096
0.6706587 0.4071856
0.8023952 0.6287425
0.3113772 0.4790419
0.8622754 0.5868263
0.4670659 0.5568862
0.3532934 0.6407186
0.4550898 0.2814371
0.09580838 0.4431138
0.07185629 0.6946108
0.4730539 0.3592814
0.497006 0.4371257
0.5329341 0.8083832
0.7005988 0.1736527
0.245509 0.7125749
0.08982036 0.9401198
0.3173653 0.502994
0.2215569 0.1257485
0.8203593 0.6766467
0.1976048 0.01796407
0.8742515 0.9221557
0.4251497 0.2694611
0.3592814 0.7724551
0.7185629 0.4311377
0.3053892 0.6167665
0.6586826 0.9461078
0.6407186 0.3113772
0.4131737 0.6886228
0.5988024 0.6047904
0.8383234 0.2994012
0.9341317 0.9580838
0.8502994 0.9520958
0.2335329 0.1317365
0.6287425 0.1197605
0.8083832 0.994012
0.3413174 0.6227545
0.3832335 0.754491
0.1497006 0.5808383
0.760479 0.06586826
0.9580838 0.6586826
0.9281437 0.9281437
0.9461078 0.9640719
0.2035928 0.5928144
0.6227545 0.1616766
0.3473054 0.1137725
0.03592814 0.497006
0.502994 0.8862275
0.5209581 0.4610778
0.257485 0.3353293
0.5928144 0.05988024
0.08383234 0.742515
0.6347305 0.748503
0.8862275 0.03592814
0.04191617 0.4131737
0.06586826 0.5449102
0.1077844 0.8023952
0.9520958 0.1976048
0.8443114 0.08982036
0.1796407 0.9101796
0.5149701 0.7245509
0.7904192 0.8922156
0.9041916 0.1916168
0.2754491 0.02994012
0.3772455 0.8502994
0.1317365 0.005988024
0.4311377 0.4251497
0.6526946 0.9760479
0.2275449 0.8263473
0.4011976 0.8982036
0.3353293 0.2095808
0.01796407 0.2215569
0.0239521 0.4550898
0.1616766 0.0239521
0.9401198 0.3532934
0.6167665 0.2035928
0.07784431 0.6646707
0.7365269 0.08383234
0.4850299 0.8622754
0.5389222 0.6347305
0.9101796 0.2874251
0.3892216 0.5209581
0.1856287 0.7844311
0.491018 0.508982
0.2155689 0.3832335
0.7844311 0.3892216
0.239521 0.05389222
0.1736527 0.1676647
0.5269461 0.4730539
0.04790419 0.1856287
0.2095808 0.8562874
0.7664671 0.3473054
0.994012 0.3652695
0.05988024 0.8383234
0.754491 0.1796407
0.1916168 0.3233533
0.7125749 0.3053892
0.7784431 0.9161677
0.4191617 0.7964072
0.2634731 0.3413174
0.2814371 0.3173653
0.251497 0.5988024
0.2934132 0.2934132
0.005988024 0.5149701
0.6826347 0.1377246
0.8323353 0.5628743
0.5568862 0.760479
0.5748503 0.8143713
0.9161677 0.6107784
0.9700599 0.09580838
0.9221557 0.4011976
0.5688623 0.7784431
0.3293413 0.8203593
0.1017964 0.251497
0.2994012 0.6826347
0.6886228 0.4670659
0.3233533 0.4850299
0.1197605 0.5329341
0.8922156 0.01197605
0.1137725 0.2335329
0.8802395 0.3293413
0.5628743 0.04790419
0.6467066 0.3712575
0.7305389 0.491018
0.4071856 0.1497006
