ncols         53
nrows         97
xllcorner     251948.36111846
yllcorner     1230933.2238156
cellsize      500
NODATA_value  -9999
3.233263 1.682003 8.461101 5.214305 12.71561 13.57458 3.787053 8.568687 8.666743 3.18824 11.01659 14.94905 21.34543 24.22248 25.3025 16.50083 10.39556 22.21143 20.91913 10.36265 6.571205 5.202819 15.88291 10.20493 4.990265 3.991091 5.722415 4.662533 5.570142 3.576283 4.412699 3.748747 8.797679 5.416788 1.083123 1.184433 2.865732 2.349946 3.73589 3.692164 3.096212 3.774328 3.440769 5.138016 2.318923 2.021257 1.585858 5.034461 2.372947 2.747581 2.349946 4.906762 2.506502 
7.449813 5.121685 7.396431 10.46434 2.32931 2.780305 4.386783 4.996261 2.985234 7.224805 10.23782 21.98375 13.87279 20.94802 27.11499 21.01857 4.606904 9.728243 23.97309 16.64325 10.78668 14.39707 13.87319 5.663697 6.88884 6.602781 3.651205 6.386736 4.764273 3.503179 3.835958 3.748747 5.173992 8.306867 3.361111 3.123336 0.7698665 0.8589658 2.410791 2.25559 5.265672 2.814789 5.004642 2.182135 2.7976 1.923273 4.166375 1.776334 0.8589658 1.467096 0.9958792 2.428249 2.440642 
27.66748 15.35118 8.801009 5.739078 3.516896 3.966925 3.03131 5.202819 5.173992 9.724653 12.61859 16.76427 25.74237 13.10246 18.7677 11.33188 22.56613 24.43034 23.49913 32.71117 14.99326 14.2605 12.98004 4.553217 14.27259 9.111471 4.893315 9.431458 8.808331 4.893315 6.770661 4.912861 4.07453 11.52604 8.861385 3.295986 1.169021 0.4666273 0.8589658 5.305273 3.690534 6.425734 2.658334 1.253851 4.980657 4.927469 2.563616 2.263604 5.214305 3.96844 1.287155 1.360215 1.829935 
13.59068 24.83365 5.784648 1.717546 2.165472 1.897985 2.658334 3.346749 3.277664 15.76396 18.34116 23.49565 20.56417 10.45273 19.68022 11.85288 18.74847 13.80856 16.61209 27.80354 14.68159 8.095177 9.07288 10.70669 11.58897 6.14447 5.804213 1.991157 10.03989 7.322467 4.697121 6.797787 13.52449 11.96217 4.349686 5.383582 4.51618 3.82497 5.061735 3.407365 4.430342 3.895059 2.890865 2.749774 1.531584 2.006264 2.754157 2.168258 1.09974 0.6689977 1.043318 2.198671 0.9331927 
19.49139 30.79204 2.508908 8.580326 2.637836 3.123336 9.898907 14.51074 11.96979 11.60476 15.55763 16.13954 10.17307 8.335134 9.28427 17.45346 12.31448 23.51933 8.391366 5.931273 11.60328 9.880689 5.769155 5.84314 3.193903 6.790797 1.446353 2.053857 10.41058 7.341837 3.449505 4.553217 4.150486 5.275885 12.32832 3.690534 2.926098 3.651205 4.82054 5.150811 4.195106 2.642405 1.543375 1.32419 3.053098 2.209626 1.829935 2.511311 0.5499208 0.8006693 1.495652 0.7930808 0.8375805 
42.58733 13.12996 9.376863 2.266269 25.85443 16.53911 19.17741 14.49238 25.43628 17.07555 15.61767 11.83021 9.493701 4.893315 12.32002 18.90381 17.83325 15.69868 23.5448 3.75676 11.59983 7.217425 11.39801 12.71561 9.024392 5.700469 15.65265 8.712641 13.23592 8.736835 6.354048 2.433214 17.17443 4.606904 10.76259 3.107866 2.223244 3.123336 3.891971 5.810377 4.156271 3.017362 3.684009 0.9396497 2.646966 1.467096 0.622159 1.360215 2.565968 2.3319 1.682003 3.690534 2.656065 
10.56934 3.835958 10.99828 18.53098 11.20909 19.50596 9.372506 13.2423 11.79539 5.341217 11.2984 5.752581 2.537599 20.01401 16.69986 14.49047 14.32276 21.1985 23.71593 8.938374 8.838879 10.32683 8.262138 8.609688 18.05483 15.2755 10.99828 4.666389 6.902606 11.09983 0.5608107 7.731576 9.934648 3.992597 0.3965594 2.027224 3.740717 2.969039 8.532985 4.764273 3.807639 4.185072 2.703328 0.5922799 0.5499208 1.467096 1.759248 1.634639 2.263604 2.646966 2.530457 1.77293 1.585858 
12.09345 2.045018 15.24813 15.29024 12.80562 11.84903 7.018479 23.34482 8.497814 4.037497 3.078648 6.66547 8.744884 7.616148 11.39801 16.3317 16.40713 12.6334 4.223638 7.058064 5.834967 10.55018 7.802999 14.6748 5.042778 4.102448 7.869996 4.500212 13.73421 3.992597 9.905949 8.002959 6.651195 3.468647 2.349946 1.319617 1.495652 3.4963 3.303286 4.967414 5.141509 1.882006 2.457887 0.7776816 0.3110887 2.747581 2.433214 2.027224 3.549259 2.901272 1.189526 1.601026 2.263604 
6.297604 16.67401 15.46262 12.60646 14.16768 2.33707 17.98852 22.24132 21.33043 16.73436 16.09739 14.10145 12.97221 10.44664 9.992942 16.25183 15.18743 16.66851 6.129911 7.437101 11.2219 13.26141 14.73501 16.79251 3.341347 7.353916 13.24485 9.130701 6.075242 2.985234 6.476437 7.532676 4.062716 5.96735 4.185072 1.244171 1.105224 2.457887 1.043318 2.683175 2.223244 2.074334 0.4534808 0.1555455 0.1099874 0.9069048 1.543375 2.372947 2.428249 5.620307 2.114692 1.678407 1.738522 
15.43032 8.360488 15.62747 9.752735 9.170307 1.527634 18.6581 14.33169 11.08998 8.371028 21.24716 6.563965 12.58486 15.53438 15.63867 19.20582 9.823451 12.5121 10.44442 15.26974 12.79148 16.66851 10.55675 8.003695 11.32732 10.79203 5.248607 3.023348 7.133226 2.909571 8.442332 9.515781 2.865732 1.982038 2.836127 3.636345 3.42147 3.537371 3.631378 3.25369 1.706961 0.9069048 0.4534808 0.219974 0.9836618 0.3965594 1.229509 1.574386 1.32419 2.48717 2.530457 1.184433 2.225957 
19.30359 8.56252 11.64218 10.87981 2.420783 17.89023 24.59745 7.483073 6.674376 8.704559 25.85867 21.8897 19.56647 13.78099 18.79413 21.59969 27.64013 6.290985 15.99297 12.86948 12.87299 3.75996 3.203319 7.152302 8.176228 12.59341 12.68753 10.77973 11.95263 7.039563 14.72976 10.98729 6.245401 4.386783 1.89161 2.134584 2.440642 3.393201 1.738522 1.475312 1.920131 2.919911 0.4534808 0.3110887 0.3965594 0.5608107 0.6689977 2.091726 3.835958 2.865732 3.919674 3.348548 1.738522 
8.787681 7.746068 8.733479 4.626387 1.337813 15.96708 7.579601 15.57978 12.12262 16.69728 5.18785 22.42513 13.86191 9.573786 23.36378 15.08707 22.17149 9.59081 8.986053 11.68143 13.00697 6.535833 3.25369 4.986664 21.11713 10.08545 5.248607 5.081799 4.342781 4.316438 3.047172 7.55383 4.888416 3.598089 2.134584 3.084514 1.328746 3.053098 3.439019 3.637999 2.919911 2.065583 0.3110887 1.865891 2.420783 0.4534808 0.2459381 1.653017 2.903349 3.405597 2.134584 3.4963 1.433763 
14.51074 6.572109 15.18163 18.77438 4.099519 14.74665 10.5211 19.6776 4.501545 13.99664 7.941597 10.6108 17.28592 10.70669 3.542471 13.93708 31.36906 5.531402 10.29707 2.956834 17.17443 5.140345 7.217425 15.98105 17.64886 7.936399 7.715525 3.039251 3.449505 3.440769 2.530457 2.25559 3.692164 2.674169 4.505541 4.697121 1.803334 1.762678 4.760498 4.931114 3.163582 2.718899 1.527634 1.32419 1.634639 1.920131 2.134584 2.027224 0.7698665 3.111741 0.5922799 2.400758 1.121514 
10.03469 9.984221 9.237601 10.98519 9.105051 5.156616 7.654055 2.747581 9.861257 8.247172 12.15499 14.79307 20.57797 9.259706 8.870635 17.06204 18.29806 8.918044 7.917805 16.16812 11.54441 6.679713 5.592613 4.349686 14.12672 7.852739 9.069011 8.669451 10.61407 1.539455 2.605626 3.17119 3.001342 1.013929 5.413476 3.341347 5.810377 2.201415 2.756345 5.395782 1.738522 1.562829 2.69439 3.094265 3.244421 2.747581 1.253851 1.982038 2.457887 5.663697 0.7930808 1.013929 1.872354 
9.224311 13.30884 16.14627 16.59388 7.453781 5.658424 15.37297 13.9551 12.58486 17.72818 8.416541 19.55592 9.417221 9.790241 9.027634 28.30826 11.06922 16.55967 19.69434 17.55939 5.102954 13.3025 8.543987 11.87646 5.305273 14.17829 8.739519 2.646966 4.967414 3.305108 4.847807 1.865891 3.297812 2.814789 3.203319 3.169289 1.433763 1.342323 2.658334 2.640121 2.295378 0.9460626 1.948233 3.753557 2.718899 1.495652 2.506502 1.083123 2.413293 2.989269 2.168258 2.612562 2.511311 
5.300763 8.483288 17.94108 7.930454 1.467096 25.34242 8.656585 17.41214 12.5121 1.803334 13.10762 26.13551 19.90306 9.26412 13.33037 24.37302 11.09724 6.278673 6.18312 4.928684 21.55606 7.743782 9.967338 9.203385 10.91418 4.115606 7.064778 4.027065 2.212356 5.047524 3.262931 1.475312 3.384318 3.096212 3.516896 3.384318 3.449505 3.564486 2.045018 3.820251 0.4918672 2.901272 0.3965594 0.4534808 1.869125 0.8866771 3.07669 1.14815 4.143244 4.180765 2.287476 1.649357 0.4918672 
2.492018 14.13934 15.4104 10.53483 14.02094 11.40857 17.87482 13.93427 16.12741 9.683267 17.7105 19.37109 10.06241 11.24644 11.49418 16.78353 28.4286 10.91154 11.57957 7.139867 22.95679 17.22796 6.051656 11.72931 6.132826 3.924272 2.876231 4.342781 5.514094 4.525468 2.225957 0.2459381 3.491132 1.710496 2.660602 1.013929 1.77293 3.094265 1.89161 2.901272 1.244171 2.801907 1.253851 0.4918672 0.5499208 0.7930808 2.021257 1.328746 4.390885 3.564486 2.660602 4.832953 1.776334 
1.982038 0.4399415 12.39404 7.660225 16.66398 7.676397 22.1786 14.99583 10.53483 11.52007 8.189175 12.13436 24.09395 17.17568 10.22252 13.12824 7.676397 37.24152 7.854992 18.15663 19.49881 5.480402 2.159889 8.795681 10.30606 5.813457 4.424921 5.826782 6.229175 2.747581 0.8866771 1.043318 2.198671 2.225957 1.682003 2.989269 7.32893 3.980537 5.319905 2.718899 1.920131 1.601026 2.360197 1.360215 0.7042284 2.506502 1.013929 2.021257 0.2459381 3.29233 3.262931 3.99711 2.969039 
7.297369 11.50614 5.265672 9.992361 8.656585 11.82587 10.94791 8.017672 17.56303 2.470131 13.17451 7.004104 20.47287 13.08049 13.46 17.88786 22.06963 18.25482 13.53485 12.50893 3.42147 3.631378 4.287132 3.740717 10.53099 8.753595 3.966925 3.25369 3.651205 1.377874 1.253851 0.4534808 0.9958792 1.601026 0.9958792 6.061495 2.857305 5.229198 7.764334 1.601026 4.049385 1.77293 0.9069048 0.4666273 1.920131 1.28245 2.850968 3.325089 3.055072 0.7377781 2.018268 2.612562 2.440642 
11.82587 11.62841 13.31856 17.7087 10.70507 9.396755 4.80934 8.135085 15.33615 11.80798 7.357938 10.28525 7.51618 14.08879 24.21311 10.25026 30.9426 5.121685 12.34996 12.1414 25.58637 7.311953 6.981209 9.59081 9.108904 4.166375 2.747581 3.148311 3.598089 1.429541 1.09974 2.420783 2.360197 3.75676 1.253851 3.439019 9.875394 10.7583 2.782473 2.225957 2.201415 2.32931 0.7698665 0.6413053 0.8866771 3.549259 1.706961 3.882693 2.683175 0.4918672 5.453075 1.653017 2.850968 
23.87029 12.93778 6.693038 3.980537 5.156616 8.262138 15.60821 16.97469 5.891932 9.918845 5.305273 15.65544 6.27488 27.60688 11.61955 7.730049 29.61767 10.13137 10.13137 13.7822 19.8961 8.867332 3.684009 3.047172 6.18312 3.729445 2.420783 2.901272 2.69439 1.738522 1.706961 2.263604 3.169289 4.282929 1.543375 1.920131 1.32419 5.769155 1.543375 2.985234 2.909571 1.083123 1.169021 0.5922799 0.4534808 2.006264 2.718899 1.803334 1.674803 4.860149 3.613108 1.623512 2.756345 
5.982317 2.969039 5.282681 6.051656 13.38592 15.57978 9.00362 7.329737 5.05345 6.722256 5.932278 16.87307 12.60286 22.35788 13.35734 16.07204 25.60537 16.97374 16.97469 12.65848 16.7877 8.969755 4.780597 4.412699 2.605626 5.305273 4.240664 3.684009 3.146397 7.045455 9.680861 9.847688 4.990265 0.9897894 2.989269 3.335937 1.89161 2.903349 1.169021 1.209683 3.096212 0.7377781 1.253851 1.820005 3.346749 1.479402 0.6955881 1.77293 2.69439 3.992597 1.966744 1.803334 1.013929 
4.839148 6.528553 2.318923 8.303326 12.74229 6.286252 7.264849 7.001564 8.693098 8.502651 11.07337 11.4857 7.510673 10.26834 16.87307 19.72881 10.80324 23.17546 12.97395 11.62841 10.79042 4.237831 6.062478 5.169364 2.985234 2.318923 1.244171 0.4399415 2.556547 9.396755 6.699246 5.305273 5.881802 3.740717 1.869125 3.07669 2.440642 4.961383 3.407365 0.7698665 1.479402 1.72106 3.023348 2.948669 1.872354 4.037497 0.1555455 1.184433 1.121514 0.9836618 1.013929 1.574386 2.530457 
14.43713 6.912911 2.69439 5.709885 5.797013 6.22248 5.858432 6.14447 6.956532 5.769155 12.59431 13.37458 9.436403 19.26785 4.990265 19.06215 11.87646 14.07929 7.440281 7.481493 6.029952 3.039251 3.831253 3.980537 5.394673 2.506502 0.9897894 3.666003 3.094265 10.8267 8.631471 1.574386 3.899686 1.813355 1.920131 3.692164 2.263604 2.865732 2.919911 2.884602 3.393201 1.083123 2.563616 3.491132 2.660602 0.7377781 0.8866771 1.337813 2.470131 1.229509 1.09974 1.663946 1.574386 
7.852739 7.112431 5.3064 9.887745 5.509759 4.961383 4.080423 5.197067 2.754157 2.433214 4.125811 7.092407 17.97528 13.16082 6.745183 15.64531 19.30359 15.64531 6.386736 5.373579 6.278673 4.87 3.740717 7.852739 7.629322 3.537371 3.882693 3.705174 7.271365 8.666743 7.075675 3.692164 1.189526 2.985234 1.433763 2.801907 4.263258 2.266269 2.308488 2.114692 2.372947 2.410791 1.623512 3.18635 2.975123 1.555077 2.372947 2.053857 4.064195 2.021257 3.146397 1.14815 1.013929 
8.636228 6.089935 4.203686 5.834967 6.513968 2.100368 4.858916 11.30094 7.650196 11.93782 10.95159 13.05633 6.368078 14.2757 5.40021 13.91663 27.10764 8.631471 4.586029 6.992242 5.558334 4.080423 1.429541 10.18844 11.38945 3.705174 6.293823 8.797679 10.26777 6.353112 9.181772 3.670923 2.440642 2.308488 3.109804 5.454171 1.789885 4.374453 2.074334 2.857305 3.2314 2.58704 2.989269 3.078648 3.2314 2.660602 2.266269 0.8798311 1.717546 1.229509 2.853082 2.308488 1.555077 
8.255728 10.14681 6.603682 7.241178 3.017362 3.123336 5.256578 10.54086 11.23162 14.28505 12.50348 14.73802 7.299801 7.447431 16.27184 12.26266 23.96972 3.412661 4.150486 6.521265 5.319905 4.547945 2.58704 11.18497 11.59539 6.290985 9.018556 4.784356 5.722415 12.22828 8.598775 4.027065 2.850968 1.982038 6.584757 6.398833 3.44776 6.13671 5.743237 2.470131 3.491132 7.633192 1.738522 2.266269 2.605626 2.318923 0.7377781 0.9069048 2.182135 0.4534808 2.511311 1.95751 1.121514 
11.08687 8.774999 7.539734 2.658334 3.85628 2.999333 2.876231 6.386736 7.125747 11.43217 19.45636 12.42151 7.449813 10.71961 30.89694 21.59923 12.52569 3.266621 3.651205 7.154787 4.313656 3.473849 1.982038 8.239322 3.039251 10.9726 10.36265 2.948669 6.297604 6.035879 4.166375 3.977516 3.123336 3.882693 3.806059 5.150811 9.630205 5.315408 4.668958 4.275914 6.18312 8.933132 0.9396497 2.440642 2.658334 0.8866771 2.721116 0.8375805 1.574386 1.829935 2.33707 1.653017 0.6598961 
6.174446 4.342781 3.491132 1.759248 3.835958 6.44791 9.573786 5.595816 6.777672 11.45972 21.87544 8.525413 14.58696 26.49566 19.94245 10.1628 5.17746 2.418289 5.444301 5.8747 3.727832 6.439603 2.198671 3.127191 7.894686 9.016608 5.499991 4.697121 3.001342 2.756345 5.113499 5.138016 2.492018 6.051656 3.047172 5.202819 7.743782 3.73589 1.574386 0.9897894 2.621781 3.433764 3.473849 1.121514 2.168258 3.835958 4.028557 0.4918672 3.636345 2.958872 2.549458 2.420783 2.718899 
3.598089 3.491132 4.403169 5.509759 4.764273 3.341347 6.089935 16.69598 13.94389 20.56417 24.52005 3.576283 10.96 21.56346 8.854772 2.33707 3.73589 4.764273 5.347929 7.244448 3.412661 4.860149 3.782286 2.352513 9.984221 10.18844 7.822633 5.570142 3.244421 4.031539 4.857683 4.525468 7.059743 7.977144 4.086308 6.857763 5.121685 1.433763 1.634639 1.738522 1.32419 4.331709 2.134584 1.433763 1.328746 0.7042284 1.229509 2.223244 3.473849 2.027224 1.585858 2.006264 2.400758 
2.470131 3.692164 4.858916 3.107866 3.992597 10.73038 3.631378 27.60926 23.15878 18.09722 13.89412 5.688938 19.49244 16.56228 5.004642 3.277664 3.557727 4.942033 5.197067 3.18635 5.40021 4.71241 2.683175 2.808356 5.156616 4.614707 4.202257 5.099434 4.331709 5.319905 6.735493 7.914826 6.376481 3.060983 5.934288 5.265672 1.527634 1.555077 1.446353 0.1099874 3.410897 2.308488 1.495652 1.872354 2.352513 1.14815 0.7042284 1.555077 4.543986 1.28245 2.074334 1.043318 1.762678 
11.48071 6.446064 2.801907 3.412661 14.4502 4.553217 5.735958 5.898003 9.292443 24.72582 25.82972 19.43908 1.829935 2.085945 1.446353 0.6955881 2.021257 1.762678 2.909571 5.197067 2.884602 4.374453 4.445216 3.44776 3.341347 2.3319 4.574244 3.405597 4.281527 4.520163 8.076967 2.225957 2.975123 2.360197 1.32419 2.318923 1.467096 1.013929 0.9460626 3.208955 0.3478069 3.895059 2.640121 0.6413053 0.5608107 2.69439 3.42147 2.956834 3.111741 0.7930808 3.203319 2.506502 0.3478069 
18.15663 11.60328 6.24826 7.98379 12.40824 14.76501 10.41058 19.27269 3.684009 21.72092 18.35148 19.39992 3.370056 4.469445 2.006264 1.433763 2.420783 2.767262 4.173576 7.806779 1.121514 5.410163 4.143244 4.606904 1.95751 4.501545 4.099519 3.312388 3.980537 2.808356 2.530457 3.831253 2.642405 4.021092 1.759248 4.240664 3.096212 2.901272 2.33707 3.107866 2.646966 6.722256 1.574386 0.1099874 1.738522 3.321465 3.384318 3.203319 0.5499208 0.6689977 2.492018 2.565968 2.410791 
14.18653 9.610227 4.173576 4.937183 6.092869 10.64829 9.039291 25.08199 31.40702 36.57419 16.06358 20.24154 5.643632 3.277664 3.868732 2.801907 3.782286 10.61407 7.001564 5.033271 4.525468 2.989269 3.537371 2.674169 3.433764 3.094265 1.882006 3.577965 1.28245 2.926098 3.779105 2.714459 2.266269 5.047524 5.53572 1.623512 3.193903 3.516896 0.329959 3.96844 2.440642 5.548654 1.342323 0.9460626 1.169021 3.2314 2.857305 1.14815 1.229509 2.901272 2.754157 1.28245 1.843091 
5.102954 16.60526 19.88139 21.61628 4.050868 5.92725 19.20555 24.20374 11.60772 9.804489 24.3089 18.87868 10.99514 4.609506 2.884602 2.884602 6.620755 9.070945 7.047979 5.336738 4.393618 2.836127 1.209683 4.596478 2.159889 1.882006 3.542471 1.803334 3.954786 2.263604 3.959343 3.623085 2.884602 3.572917 3.82497 2.266269 2.440642 2.565968 3.123336 1.738522 0.5499208 0.1099874 0.5499208 1.789885 1.829935 0.219974 3.246277 1.467096 3.666003 0.9460626 1.663946 1.390971 2.640121 
1.433763 4.6561 5.057003 6.512142 7.635513 7.198529 15.51533 22.26982 24.25523 14.93575 21.12379 19.84443 1.377874 3.862511 6.809128 8.552229 4.313656 8.223596 8.797679 4.888416 4.263258 3.542471 3.216454 8.111891 3.656144 2.457887 2.33707 2.100368 2.114692 3.515184 3.2314 4.049385 3.992597 1.653017 3.812373 2.410791 0.7776816 2.159889 4.021092 3.807639 3.060983 0.3478069 0.3478069 0.7042284 1.229509 0.5499208 2.612562 3.370056 3.001342 2.209626 2.756345 0.9069048 2.088837 
7.852739 7.449813 10.42945 4.342781 13.87763 2.721116 22.43911 26.9178 33.96511 8.84418 9.259706 3.17119 3.666003 4.844098 4.303903 3.992597 6.351238 5.214305 11.06506 9.861257 3.127191 4.027065 3.107866 7.073163 2.074334 4.52149 2.814789 4.739046 4.207969 4.156271 1.872354 4.873689 2.884602 4.076004 3.910462 3.341347 2.225957 3.449505 2.565968 6.855167 0.4918672 0.3478069 0.8006693 1.446353 1.585858 2.225957 2.318923 1.789885 2.958872 2.100368 0.4918672 2.575355 2.903349 
12.02872 4.961383 3.740717 2.225957 1.878794 14.81361 20.2052 28.84513 46.8964 31.02852 3.169289 1.869125 7.336193 3.203319 1.966744 4.967414 8.722731 6.87073 5.401317 7.223986 3.303286 3.233263 3.651205 5.202819 5.482582 3.42147 3.992597 2.773791 1.132244 4.850278 4.82054 3.603102 0.8375805 4.320608 3.193903 3.053098 0.8866771 3.325089 3.881144 3.353938 0.6689977 0.5922799 1.813355 2.612562 1.982038 1.562829 3.193903 3.312388 2.506502 2.212356 0.3965594 2.836127 2.565968 
10.04914 23.5562 10.41558 6.051656 4.996261 11.88752 12.13248 26.84025 21.99521 17.20651 3.899686 4.567684 5.417891 3.75676 1.948233 6.331533 6.042787 4.720037 4.87 1.776334 3.03131 3.233263 3.980537 3.42147 4.520163 2.747581 5.121685 5.474947 2.114692 4.813076 5.50542 5.769155 3.439019 3.078648 3.651205 1.189526 3.651205 3.831253 2.212356 2.767262 0.329959 0.219974 3.806059 4.586029 2.714459 2.045018 0.8375805 1.872354 1.555077 1.244171 2.065583 3.473849 2.111835 
3.503179 15.94558 2.165472 10.8586 5.760874 20.76218 22.1786 29.51194 26.29804 5.341217 4.237831 8.152434 2.32931 2.318923 7.059743 2.242169 6.319303 6.592875 6.003205 2.168258 1.495652 2.372947 3.094265 1.945131 0.8006693 2.565968 4.917736 3.624745 3.820251 3.361111 1.95751 2.969039 1.184433 2.825478 3.017362 2.287476 4.996261 2.658334 1.169021 1.574386 1.948233 0.7377781 2.085945 5.518426 2.318923 2.32931 2.563616 1.601026 2.420783 0.9069048 2.565968 3.44776 1.244171 
9.146054 12.44936 25.94679 12.55373 25.63848 11.0359 21.95674 30.54616 20.90829 4.439813 6.535833 2.674169 3.412661 1.678407 2.045018 0.9331927 7.715525 3.303286 2.646966 4.931114 3.936506 2.575355 2.508908 3.111741 2.932271 3.407365 2.958872 3.979027 3.346749 2.605626 1.948233 1.09974 4.223638 4.223638 3.055072 4.203686 4.424921 3.060983 2.433214 1.013929 2.074334 2.159889 0.6955881 2.656065 2.573011 2.410791 1.433763 1.229509 1.789885 2.556547 1.360215 1.982038 2.808356 
10.80965 25.97729 26.41881 27.69068 2.782473 23.25715 20.68871 28.06508 21.96485 2.492018 6.43221 4.52149 4.180765 4.068627 1.585858 6.168656 5.156616 5.40021 3.576283 3.542471 1.377874 2.756345 4.086308 2.410791 4.281527 3.729445 2.400758 2.168258 4.349686 4.180765 4.631568 4.750415 6.259683 3.99711 0.3110887 4.586029 4.173576 0.7377781 1.21467 2.085945 0.9069048 2.311101 2.780305 2.165472 4.303903 2.612562 3.094265 1.253851 2.367855 3.039251 3.193903 2.440642 2.318923 
20.57797 26.23732 22.05106 8.289147 41.81496 40.94646 20.47783 23.98399 25.63848 0.9958792 6.686823 7.011718 5.003446 1.433763 4.668958 2.085945 4.668958 1.77293 4.115606 6.689487 0.7776816 4.739046 3.03131 2.975123 5.061735 2.640121 4.240664 3.882693 5.347929 4.505541 2.318923 2.100368 3.545867 3.440769 0.5499208 0.3965594 0.4534808 0.8375805 1.869125 0.8375805 0.5608107 1.706961 2.027224 1.920131 1.429541 2.114692 1.377874 0.1099874 2.511311 4.195106 5.931273 2.656065 1.878794 
19.8465 29.70558 19.40552 32.8666 13.45332 3.843787 40.14097 33.2537 27.32855 3.361111 3.064917 7.073163 5.854358 3.07669 5.518426 5.197067 5.663697 5.480402 5.899014 5.499991 2.225957 4.903098 6.685047 1.789885 3.639653 3.549259 3.831253 8.399766 2.318923 4.80934 1.634639 4.185072 5.509759 3.433764 1.555077 1.287155 0.3110887 2.074334 1.342323 0.8375805 0.3478069 0.8798311 1.813355 0.9069048 2.410791 0.7698665 2.190418 1.966744 3.516896 4.192241 1.390971 3.42147 2.182135 
16.45225 18.90436 26.65787 35.10849 29.68001 15.32576 11.3597 23.10528 19.11092 4.595173 6.933474 1.083123 4.749153 4.303903 4.780597 7.764334 5.140345 4.505541 6.37928 5.722415 6.323068 6.346552 2.223244 5.40021 4.270294 3.787053 5.651033 2.410791 4.173576 1.495652 0.329959 6.535833 4.037497 3.047172 1.013929 1.574386 2.295378 1.037507 1.390971 1.495652 0.4534808 0.3478069 2.006264 2.575355 1.869125 1.829935 2.410791 3.346749 1.843091 1.229509 3.885788 3.277664 1.978988 
3.060983 9.058685 24.20198 15.13953 14.21163 20.57797 7.437896 2.857305 3.75996 1.229509 6.549461 5.824734 6.54583 7.690231 5.324399 7.715525 5.8747 3.954786 5.29399 1.390971 5.117009 5.506505 5.282681 3.729445 2.646966 4.281527 3.199556 3.325089 3.297812 0.1099874 1.585858 1.408244 4.263258 0.5922799 1.495652 0.8798311 2.266269 1.189526 5.156616 3.246277 2.225957 2.212356 1.674803 2.045018 1.132244 2.372947 3.391426 2.318923 2.801907 1.574386 1.623512 3.842222 1.95751 
14.89838 24.0435 29.70586 35.88659 35.03758 34.24641 7.286004 3.936506 6.716953 5.462929 2.114692 4.237831 4.441164 2.714459 4.813076 5.979327 3.651205 6.18312 8.210706 7.475959 4.784356 6.81871 4.595173 5.659479 4.294128 1.037507 1.037507 0.5922799 1.21467 0.3478069 1.495652 2.311101 0.9460626 3.684009 0.6689977 3.530559 1.229509 0.329959 3.577965 1.083123 2.225957 2.814789 2.360197 1.555077 2.053857 3.146397 2.085945 1.433763 0.4918672 0.8866771 1.229509 2.134584 2.658334 
6.174446 24.13619 29.9408 34.06142 17.19904 23.88245 6.710761 5.849262 6.651195 4.967414 6.509403 4.692013 6.770661 1.89161 6.235861 4.156271 1.966744 5.486939 8.502651 6.27488 7.198529 5.416788 3.843787 2.985234 4.723845 1.829935 0.1555455 0.219974 0.7776816 0.6955881 0.8006693 1.229509 1.342323 3.843787 6.896587 3.341347 3.42147 0.4918672 3.557727 1.77293 1.287155 2.3319 2.729966 2.134584 1.710496 1.601026 2.266269 1.229509 1.253851 2.352513 3.740717 2.865732 0.4534808 
22.1526 31.25773 42.34644 10.33524 12.30201 7.763574 6.320244 4.133084 7.231359 5.8747 4.948088 5.943324 4.07453 2.085945 3.586364 1.446353 5.735958 5.514094 6.486528 7.73997 4.371708 3.094265 4.500212 4.893315 2.168258 2.311101 3.078648 1.229509 0.6413053 2.410791 1.429541 3.297812 2.703328 4.424921 2.865732 2.352513 3.881144 2.506502 3.842222 0.6955881 1.083123 0.8866771 1.467096 1.920131 1.09974 2.660602 2.767262 3.412661 1.789885 1.169021 1.229509 0.4918672 0.9396497 
23.59136 45.08821 44.05644 11.84855 3.73589 4.415418 4.062716 3.729445 2.999333 6.132826 7.447431 5.509759 9.321927 0.7930808 2.308488 5.603281 6.729319 4.237831 5.081799 2.676423 4.480171 3.831253 3.393201 3.44776 1.189526 2.295378 1.433763 0.219974 1.013929 2.989269 0.622159 1.229509 2.506502 3.979027 1.872354 2.420783 3.094265 2.225957 1.446353 3.341347 2.074334 1.897985 2.287476 2.537599 1.982038 2.767262 4.51618 2.594025 3.564486 2.594025 2.367855 2.884602 0.8589658 
27.96983 26.79451 2.808356 5.971345 7.115762 6.513968 4.316438 5.173992 4.049385 6.563965 6.442373 5.889908 3.055072 0.8798311 7.095748 4.512194 4.586029 5.625618 1.527634 4.173576 5.902046 2.958872 3.657789 4.390885 0.4918672 0.9958792 0.6598961 0.9958792 0.4918672 1.083123 1.121514 1.601026 1.872354 4.650946 4.824268 3.845351 4.873689 1.966744 1.813355 2.25559 2.721116 2.372947 0.5922799 1.013929 1.601026 1.574386 0.9460626 3.468647 2.318923 2.018268 3.146397 3.549259 0.4534808 
18.13103 1.759248 2.318923 10.28637 7.657141 7.936399 5.214305 6.139621 5.700469 4.134537 2.287476 3.977516 2.3319 6.912053 7.552265 3.246277 5.003446 4.102448 6.615368 4.275914 3.953266 3.2314 2.053857 1.878794 3.203319 2.556547 1.287155 1.013929 1.132244 1.882006 0.6689977 1.229509 2.747581 4.115606 2.074334 3.979027 3.545867 2.876231 3.919674 5.104127 1.377874 2.612562 2.242169 2.573011 3.516896 2.318923 3.25369 2.530457 2.612562 3.102045 2.530457 1.945131 4.223638 
6.15996 1.663946 5.444301 10.63961 5.659479 6.450676 6.678824 3.468647 10.61951 6.660121 6.22535 1.882006 0.6413053 6.232041 2.378028 2.360197 3.75676 3.692164 2.658334 3.25369 7.71935 2.565968 7.244448 3.127191 1.574386 1.634639 1.789885 2.428249 1.32419 2.018268 0.8866771 1.105224 3.18635 3.2314 1.762678 3.516896 3.530559 1.037507 3.023348 4.697121 3.03131 3.954786 2.718899 0.2459381 2.413293 2.074334 3.193903 3.812373 5.360212 4.793116 5.075906 0.6955881 2.956834 
6.045744 6.191782 6.682381 9.847688 3.75996 8.474975 8.239322 3.312388 6.480108 5.117009 3.25369 2.021257 1.562829 2.263604 1.789885 1.037507 3.017362 3.341347 3.107866 4.533414 2.926098 6.350301 0.9396497 0.5922799 1.189526 0.7776816 0.7930808 2.114692 0.8589658 2.470131 1.543375 0.1555455 1.253851 4.177891 1.897985 4.185072 3.684009 3.047172 0.4534808 3.516896 6.610876 3.729445 2.999333 2.884602 4.202257 2.530457 4.12144 3.053098 2.674169 2.612562 4.353824 2.266269 2.088837 
6.18312 4.457347 8.678242 6.857763 8.76096 8.111164 5.374691 3.542471 5.197067 1.287155 2.865732 0.6413053 2.801907 1.360215 0.4534808 1.479402 1.253851 0.8866771 0.622159 2.857305 4.392252 4.294128 1.945131 2.021257 1.555077 1.475312 1.878794 3.321465 2.006264 0.219974 1.08869 0.8866771 0.6955881 1.653017 4.223638 1.433763 3.370056 3.753557 2.565968 3.341347 3.831253 0.9069048 2.018268 3.297812 3.959343 2.594025 2.642405 2.756345 2.190418 3.666003 3.959343 4.525468 1.543375 
3.684009 14.19085 8.352045 8.269967 4.692013 4.537382 5.033271 1.820005 7.437896 6.966754 5.754655 5.744276 4.51618 4.948088 5.964353 5.625618 5.265672 0.7776816 1.433763 0.3478069 1.32419 1.77293 0.3110887 2.311101 3.868732 1.377874 0.4666273 2.932271 3.391426 4.138893 1.562829 0.4399415 1.121514 0.3478069 1.872354 3.545867 2.621781 2.400758 2.646966 1.555077 4.370335 3.064917 1.585858 3.391426 3.716521 4.980657 3.064917 3.094265 6.861223 6.735493 0.4534808 3.692164 1.32419 
8.541925 10.76473 5.197067 4.303903 6.620755 4.71241 7.447431 7.764334 7.608387 5.17746 5.704655 4.824268 3.391426 0.9069048 6.660121 3.370056 4.457347 1.14815 0.7042284 1.083123 0.6689977 0.3478069 0.3965594 1.574386 1.882006 4.275914 2.457887 0.1099874 2.091726 3.107866 3.557727 3.626405 1.121514 1.479402 0.5499208 0.3478069 2.612562 2.053857 2.134584 2.749774 3.959343 1.287155 1.209683 2.909571 4.076004 1.789885 2.958872 3.039251 3.899686 1.923273 5.600083 2.266269 3.85628 
4.263258 4.799363 5.270214 5.121685 0.7776816 7.946791 4.357957 7.00495 6.409979 7.302234 8.038954 3.623085 5.373579 2.909571 2.114692 0.8866771 1.013929 2.958872 1.32419 0.1555455 0.8006693 0.9460626 0.2459381 2.114692 2.027224 1.14815 0.5499208 0.7377781 0.7698665 1.527634 2.410791 2.825478 2.360197 2.48717 3.391426 1.776334 0.3478069 3.2314 2.884602 3.017362 1.803334 2.575355 1.013929 3.705174 3.017362 2.176594 2.318923 1.342323 0.7930808 3.199556 2.360197 2.190418 2.890865 
4.650946 2.714459 3.216454 4.829233 9.27672 9.039291 8.258577 5.767086 8.084985 7.869996 7.119924 3.959343 3.262931 3.03131 0.329959 1.678407 1.105224 2.782473 2.091726 2.085945 1.013929 1.08869 2.111835 1.803334 0.9460626 0.6955881 1.829935 3.542471 2.114692 3.348548 3.29233 4.076004 4.412699 0.6955881 2.859414 2.530457 0.3478069 0.4534808 0.622159 2.859414 1.776334 2.565968 0.3110887 3.312388 1.562829 4.733984 4.320608 0.6955881 1.043318 3.107866 3.146397 1.337813 1.287155 
4.143244 7.192767 3.850039 9.193221 8.066021 8.120597 8.335134 6.092869 8.880534 6.9642 6.722256 3.637999 3.586364 3.297812 1.829935 2.266269 2.565968 1.429541 1.013929 0.4399415 4.217947 1.337813 2.223244 1.229509 1.467096 1.32419 1.337813 0.9836618 1.574386 2.754157 2.932271 3.690534 3.102045 3.111741 1.829935 1.527634 1.663946 0.7930808 1.14815 2.410791 2.658334 2.266269 2.801907 4.133084 2.420783 2.714459 3.111741 3.4963 1.843091 0.6689977 2.479882 2.225957 2.605626 
2.656065 8.25644 5.902046 10.12736 7.463294 7.228083 8.176228 11.83697 8.71466 12.54515 11.52852 5.378026 10.35762 5.663697 3.094265 3.791813 2.074334 4.813076 2.621781 0.8589658 1.803334 0.5608107 0.6413053 1.09974 0.8006693 0.8375805 0.7377781 0.3965594 1.982038 4.784356 2.773791 3.277664 4.207969 2.808356 2.605626 1.759248 2.410791 2.440642 3.42147 1.229509 3.246277 1.319617 1.663946 3.576283 2.428249 2.225957 1.253851 1.820005 2.045018 1.342323 4.270294 2.985234 2.836127 
8.195641 3.895059 3.843787 8.399766 9.2849 7.977144 6.771538 5.444301 11.396 4.672809 3.577965 4.688179 6.16769 5.558334 5.506505 2.085945 2.378028 4.480171 3.791813 0.5922799 1.377874 2.111835 2.165472 1.21467 2.190418 0.8375805 0.8375805 0.5608107 0.4399415 3.740717 4.609506 3.262931 4.610807 7.273808 2.756345 2.901272 2.457887 1.32419 2.085945 3.850039 3.362902 4.520163 3.295986 2.640121 3.910462 3.980537 1.738522 2.413293 2.225957 1.978988 1.674803 3.163582 4.068627 
7.653283 2.958872 8.452765 6.066408 7.63938 7.311953 4.888416 9.805082 5.514094 4.457347 9.898907 7.124915 6.660121 4.668958 2.801907 3.449505 1.920131 2.492018 1.706961 1.287155 0.6413053 1.475312 2.457887 1.377874 1.882006 1.759248 1.319617 0.6413053 3.370056 3.023348 5.752581 3.882693 3.959343 5.608608 2.642405 1.634639 3.102045 3.361111 4.912861 2.308488 2.58704 2.168258 8.241464 7.608387 3.75676 2.295378 4.525468 2.537599 0.6598961 3.862511 2.857305 3.449505 3.017362 
11.33188 4.166375 6.483778 4.223638 10.54086 9.330065 7.836949 1.948233 7.095748 7.047979 5.506505 3.096212 10.66292 3.208955 5.071187 2.836127 1.184433 0.4534808 0.9396497 3.341347 1.776334 1.634639 3.125264 1.634639 1.121514 0.3965594 1.083123 0.6413053 0.5499208 4.424921 6.513968 4.839148 2.440642 5.378026 2.573011 1.555077 2.134584 4.134537 2.573011 2.683175 2.212356 2.018268 4.996261 9.314409 2.537599 2.926098 6.912911 2.773791 0.7698665 4.099519 1.189526 2.926098 0.7930808 
6.17541 7.635513 7.465671 10.65317 7.827157 3.731057 6.839567 5.677383 6.902606 9.941078 2.749774 4.844098 7.011718 4.076004 4.87 1.77293 0.9958792 0.2459381 1.189526 0.9460626 0.3965594 1.28245 2.549458 1.869125 0.3478069 1.32419 0.329959 0.4534808 0.8375805 0.6689977 0.4534808 0.6689977 1.820005 3.295986 3.203319 4.195106 0.7698665 3.341347 0.7042284 3.631378 1.738522 6.37928 6.87073 4.439813 5.908105 3.666003 2.134584 2.58704 2.549458 1.14815 4.764273 2.612562 3.44776 
4.631568 8.458323 0.622159 11.06402 9.404203 10.25591 4.657387 4.903098 4.412699 6.588366 6.82654 11.94546 6.18312 7.557741 4.780597 2.556547 1.342323 0.3965594 0.6955881 1.706961 1.08869 0.8866771 1.377874 2.32931 0.5608107 0.4918672 0.4918672 0.5499208 0.6413053 1.105224 0.8375805 0.4666273 2.114692 2.045018 2.198671 2.594025 2.612562 1.682003 1.433763 0.9958792 2.767262 5.088861 5.033271 5.051081 1.377874 2.756345 1.32419 0.8589658 4.316438 1.869125 3.624745 1.253851 1.982038 
5.931273 12.86025 9.049641 4.688179 6.16769 3.729445 2.780305 7.836949 9.154998 5.057003 5.156616 5.995256 3.882693 7.968273 3.651205 5.518426 2.091726 0.7776816 0.3478069 2.134584 1.897985 0.7377781 2.168258 1.132244 0.9836618 1.328746 1.229509 1.360215 0.8866771 1.229509 1.966744 2.876231 1.803334 3.017362 1.253851 2.420783 2.703328 4.799363 2.530457 2.25559 5.42781 5.813457 6.339047 4.386783 2.027224 2.182135 0.4918672 1.495652 2.967009 2.782473 5.663697 3.039251 3.542471 
9.407925 8.704559 14.6105 6.450676 3.910462 5.364671 6.912911 7.026077 7.165542 9.168395 5.057003 4.086308 1.966744 2.212356 3.639653 5.643632 6.16769 1.717546 1.253851 2.780305 1.869125 0.5922799 2.242169 1.653017 1.813355 2.021257 3.203319 2.612562 1.390971 1.21467 2.295378 1.037507 2.674169 2.311101 2.782473 6.930907 3.107866 5.701515 4.134537 4.166375 2.884602 2.295378 2.780305 2.159889 2.853082 2.209626 0.4918672 2.563616 0.7776816 1.21467 3.055072 2.352513 1.978988 
5.341217 13.87803 15.25246 9.122374 9.754525 6.960793 8.763636 2.989269 7.095748 4.525468 5.80935 6.484694 5.518426 5.156616 5.324399 4.2717 6.830016 2.266269 0.2459381 3.193903 0.8589658 2.372947 1.920131 1.408244 1.467096 1.328746 2.006264 0.9836618 1.287155 0.8006693 0.8866771 3.127191 2.201415 1.706961 1.978988 4.445216 8.710621 7.608387 2.850968 5.701515 6.08602 3.75676 1.229509 0.4534808 1.184433 0.2459381 1.189526 1.013929 2.114692 0.6413053 0.7042284 1.169021 1.244171 
12.69913 9.781325 17.13978 4.666389 10.8283 4.134537 4.832953 8.120597 7.379616 7.690231 10.68726 0.5608107 5.60115 3.341347 4.739046 2.808356 2.311101 1.013929 2.165472 3.966925 2.085945 1.013929 0.7042284 2.295378 0.9958792 2.801907 1.897985 1.843091 1.479402 0.7698665 0.4666273 2.308488 4.457347 2.909571 1.013929 5.265672 1.555077 5.824734 3.979027 3.047172 4.813076 2.81693 1.132244 1.479402 0.1099874 0.5499208 1.229509 1.433763 2.225957 1.555077 0.3478069 2.134584 2.506502 
18.56491 12.46166 8.408857 15.18924 15.44559 5.788773 7.332159 9.648933 7.034509 6.051656 10.94317 6.588366 5.088861 3.75676 3.335937 0.5499208 1.717546 4.87246 2.263604 7.133226 5.135686 0.6598961 1.882006 1.429541 1.09974 1.467096 3.233263 1.738522 0.9331927 0.9396497 0.9460626 0.5608107 0.4918672 0.6955881 1.32419 5.374691 3.023348 3.060983 4.415418 4.099519 3.353938 1.585858 0.7930808 0.2459381 0.8589658 1.433763 1.337813 0.7930808 0.4666273 0.1555455 0.4399415 1.653017 0.329959 
24.85468 23.85552 24.45094 21.74355 26.5221 13.13897 6.520353 2.999333 8.269256 1.72106 7.977883 9.053517 5.242906 4.150486 5.999232 5.201669 6.777672 4.445216 6.899167 9.917673 5.324399 1.467096 0.7698665 1.865891 0.4666273 1.710496 1.574386 1.328746 0.8006693 0.9396497 1.169021 0.9836618 1.601026 2.537599 2.901272 2.857305 6.670815 4.950508 4.412699 1.789885 2.825478 1.872354 1.132244 0.622159 0.1099874 1.574386 1.945131 1.555077 0.5922799 1.121514 2.747581 2.352513 1.09974 
10.09006 16.73951 20.38101 22.18814 10.7947 11.05622 23.52443 3.959343 12.70492 11.59983 12.67637 7.633192 9.63202 7.447431 11.93543 7.748354 7.854992 8.826939 10.22706 5.754655 5.003446 0.622159 1.328746 1.337813 1.184433 0.5499208 1.878794 1.803334 0.5499208 0.9331927 0.8589658 0.5499208 0.219974 2.952755 2.901272 1.623512 12.84794 5.474947 3.440769 1.634639 0.7042284 2.182135 0.6955881 0.7930808 0.3110887 0.7698665 1.467096 1.762678 1.446353 1.897985 3.193903 1.872354 2.114692 
22.87098 3.670923 13.4249 15.98787 3.542471 3.96086 14.54968 18.13132 16.29848 12.4055 3.603102 4.076004 2.612562 13.97269 11.92586 10.23612 17.35748 13.36954 8.502651 6.15996 2.190418 1.229509 0.5499208 0.9396497 1.09974 1.09974 1.843091 0.6413053 1.037507 1.253851 0.6689977 0.7776816 0.3110887 2.901272 4.050868 6.965051 5.486939 4.084838 3.843787 2.640121 1.813355 1.843091 0.7042284 1.634639 0.3478069 0.3965594 3.078648 2.065583 2.32931 1.132244 3.277664 2.508908 1.467096 
15.19503 2.749774 9.431458 5.964353 2.242169 2.065583 13.01565 30.29307 30.5887 8.647769 2.457887 1.813355 4.764273 15.95514 16.72566 8.281339 9.055456 4.281527 8.143764 8.192768 3.586364 1.543375 0.8006693 1.531584 0.329959 0.5608107 1.843091 1.169021 1.663946 1.674803 2.198671 1.562829 2.088837 1.083123 3.684009 8.419333 6.217694 3.882693 4.478832 0.9069048 4.127266 1.013929 4.396349 2.814789 4.195106 1.872354 4.062716 4.396349 3.325089 4.893315 3.931923 2.932271 1.105224 
6.892284 2.919911 2.747581 4.764273 1.982038 1.319617 2.780305 5.797013 6.853436 10.20493 1.872354 1.189526 4.888416 15.2001 15.92746 14.28311 6.82654 4.127266 2.25559 7.007489 6.372748 1.776334 2.085945 3.603102 1.09974 1.634639 1.585858 1.253851 1.982038 1.121514 1.555077 0.7698665 0.8798311 0.622159 0.3965594 2.646966 6.912911 4.412699 3.591394 4.469445 1.678407 1.738522 4.275914 2.266269 1.762678 2.901272 4.829233 4.393618 3.692164 7.488602 2.457887 3.321465 1.843091 
1.433763 1.433763 8.736835 2.530457 1.253851 1.433763 1.342323 2.027224 5.034461 4.185072 1.429541 2.12324 5.908105 10.58081 5.305273 12.12826 17.53754 7.92971 5.769155 3.850039 3.410897 1.09974 1.14815 0.5499208 1.229509 3.2314 0.6598961 1.574386 1.32419 0.9396497 0.4534808 0.9069048 0.7377781 0.5608107 0.8006693 3.107866 8.397667 7.660225 3.142565 3.393201 3.199556 0.5608107 2.754157 3.774328 1.982038 1.479402 2.909571 3.353938 7.095748 2.658334 0.8006693 3.03131 3.489407 
1.21467 1.132244 1.08869 1.013929 0.5608107 0.7930808 0.7377781 1.105224 1.601026 0.3110887 0.329959 0.6955881 3.504896 4.961383 2.006264 3.862511 8.607643 3.99711 4.419493 3.017362 1.319617 0.7930808 2.658334 1.169021 1.013929 2.969039 0.9958792 1.229509 1.09974 1.184433 0.7377781 1.013929 2.266269 0.8006693 0.6955881 0.4399415 3.636345 7.251799 6.767153 4.412699 6.112394 1.539455 5.383582 4.127266 4.424921 1.738522 3.868732 2.747581 4.553217 5.416788 0.3965594 1.184433 3.928864 
1.479402 0.3478069 1.390971 0.329959 0.9460626 1.132244 1.08869 0.9069048 1.28245 0.4666273 0.4534808 1.105224 1.390971 1.32419 1.663946 2.360197 6.506662 8.325958 9.469103 3.125264 6.87073 4.839148 1.527634 3.125264 1.829935 1.495652 2.3319 1.408244 0.7776816 0.4399415 0.8006693 0.3478069 0.622159 0.8866771 0.6955881 0.1099874 0.5499208 1.920131 5.986301 7.075675 5.959353 8.29624 6.368078 2.903349 3.303286 2.782473 3.341347 2.457887 3.094265 2.884602 0.7776816 1.013929 2.958872 
1.184433 1.429541 1.229509 0.7930808 0.8866771 0.6689977 0.2459381 1.013929 1.77293 1.706961 0.5922799 0.7776816 1.253851 1.495652 0.9897894 1.495652 3.623085 11.67212 0.6413053 3.885788 2.413293 1.342323 2.410791 1.574386 2.027224 1.14815 1.169021 0.9460626 1.287155 0.9396497 1.043318 1.923273 0.1555455 0.219974 0.5499208 0.3478069 0.4534808 0.7776816 3.341347 8.065291 5.902046 8.335134 7.162234 3.412661 3.868732 3.266621 3.572917 1.043318 1.623512 2.676423 1.229509 2.537599 1.253851 
0.8589658 1.253851 2.457887 1.623512 1.377874 1.408244 0.6955881 0.7698665 1.132244 1.360215 0.9460626 1.649357 2.074334 0.1555455 1.229509 3.2314 5.462929 10.87981 11.1412 7.50201 1.813355 1.377874 1.121514 1.083123 1.562829 1.105224 0.6598961 1.433763 0.6689977 3.18824 1.531584 1.433763 0.6689977 0.4399415 0.8375805 0.9836618 0.219974 1.013929 1.882006 16.22175 4.888416 6.14447 7.019323 5.739078 2.956834 3.107866 2.018268 3.4963 2.360197 2.676423 2.932271 1.28245 1.813355 
1.429541 0.6598961 1.287155 0.7042284 0.7930808 1.013929 1.342323 1.479402 0.8589658 0.2459381 1.77293 2.190418 1.32419 0.7776816 1.360215 0.8589658 2.952755 9.639876 12.67681 8.461101 5.788773 2.134584 3.208955 2.12324 1.978988 1.09974 2.006264 1.663946 3.440769 3.99711 3.203319 3.99711 0.9069048 0.8375805 0.4534808 0.5608107 1.32419 0.4918672 4.82054 1.337813 7.302234 9.941078 7.746068 6.125051 2.428249 0.9396497 3.651205 2.850968 1.872354 3.277664 1.882006 1.738522 1.574386 
1.169021 1.013929 0.7776816 0.5608107 1.121514 3.246277 1.360215 1.328746 0.9836618 0.8866771 1.820005 1.585858 0.9069048 2.176594 0.4918672 1.920131 2.884602 9.937572 5.395782 5.991278 9.52068 7.125747 6.721372 2.3319 1.89161 2.410791 0.8006693 0.219974 2.182135 0.6955881 3.111741 6.361535 2.530457 1.253851 0.5922799 0.5608107 1.527634 1.433763 7.212501 7.424367 7.736156 8.076967 8.210706 4.668958 2.100368 2.658334 2.958872 2.506502 2.969039 1.982038 1.789885 2.530457 1.982038 
1.287155 1.495652 1.32419 0.7042284 0.1555455 1.72106 0.7930808 0.5608107 0.622159 0.5608107 1.399634 0.9836618 2.349946 2.176594 1.360215 1.77293 2.433214 12.63384 5.506505 5.684739 14.69892 15.44737 14.85383 5.163574 1.574386 1.820005 0.9836618 1.287155 1.634639 1.738522 1.527634 1.467096 6.030941 5.60115 2.901272 0.7042284 1.897985 1.169021 0.6689977 2.32931 3.753557 9.559168 12.39954 7.802999 3.084514 0.8866771 2.372947 2.756345 0.7042284 0.329959 0.6413053 1.244171 1.377874 
1.89161 0.5499208 1.132244 0.9396497 0.8375805 0.7930808 1.495652 1.32419 0.2459381 0.7776816 0.7930808 2.053857 1.253851 1.495652 2.12324 3.109804 1.882006 7.394031 12.97264 8.502651 0.3478069 3.473849 15.10203 5.40021 0.9396497 0.9396497 2.114692 1.738522 2.721116 1.28245 1.09974 1.623512 0.9396497 3.335937 7.001564 5.374691 1.706961 2.48717 0.3965594 0.3478069 5.163574 7.437896 4.533414 11.24644 5.413476 1.674803 0.7930808 1.738522 3.361111 1.539455 1.843091 2.165472 2.919911 
2.088837 2.457887 1.555077 0.4534808 1.083123 3.246277 1.634639 0.4399415 1.083123 0.2459381 1.229509 2.69439 14.12002 5.21201 7.761292 3.303286 2.565968 8.390665 8.754935 11.35768 12.09863 5.495644 6.899167 5.197067 10.81391 18.05893 2.825478 2.575355 1.829935 3.146397 3.321465 1.043318 1.738522 0.5922799 1.562829 6.312707 4.971029 1.253851 0.1099874 0.3110887 3.18635 7.983052 11.49617 21.39713 7.464086 3.266621 3.341347 2.58704 3.346749 1.287155 4.050868 1.717546 3.716521 
1.789885 3.542471 2.433214 22.87714 14.4121 11.14326 3.412661 3.111741 1.982038 2.470131 1.872354 14.67291 7.272994 12.26173 9.769423 5.202819 0.6689977 6.753101 6.277725 8.45346 9.183681 8.111891 10.32683 3.740717 12.43064 16.00284 1.043318 1.342323 1.562829 4.931114 4.857683 1.28245 1.28245 1.634639 2.530457 1.803334 7.367581 8.352749 6.042787 0.8375805 1.601026 5.891932 9.588987 13.14497 8.967144 2.658334 0.3965594 2.660602 2.349946 1.649357 3.169289 0.7930808 1.982038 
1.446353 2.470131 4.713683 27.96068 9.668826 14.38896 2.674169 2.932271 1.897985 2.721116 4.480171 7.836949 27.09865 14.85718 6.592875 0.9396497 2.492018 1.531584 4.166375 6.81871 20.25514 3.055072 6.37928 12.26173 5.754655 5.514094 1.653017 0.8866771 1.878794 4.927469 9.652554 6.753101 1.829935 1.105224 1.433763 1.682003 6.483778 10.38442 5.099434 1.543375 0.8866771 1.920131 4.720037 5.156616 5.305273 1.21467 1.813355 1.872354 3.793399 1.634639 2.420783 1.759248 1.882006 
2.165472 3.812373 13.61294 27.1398 3.910462 10.38051 4.223638 3.053098 2.729966 10.08545 5.266808 6.206192 22.60789 19.56647 7.935656 6.376481 6.582049 5.744276 4.688179 3.537371 8.998419 20.61317 9.307511 4.294128 3.277664 8.141596 2.32931 1.28245 3.29233 2.656065 7.821125 9.099269 1.897985 2.420783 1.574386 2.457887 9.076102 8.945576 7.264034 5.995256 2.266269 2.506502 3.510044 1.991157 2.674169 0.5499208 0.8866771 4.666389 4.525468 2.378028 2.506502 1.408244 0.8866771 
5.394673 11.2352 23.39855 8.904243 5.595816 8.408857 4.626387 2.378028 3.393201 7.042089 13.4048 22.03135 18.95367 18.98333 6.895727 4.824268 9.857718 6.992242 1.710496 1.95751 4.133084 7.876738 16.38335 10.69806 2.932271 7.011718 6.075242 1.253851 2.159889 3.391426 4.084838 6.104592 2.479882 2.176594 3.651205 4.666389 8.215721 8.94623 2.612562 6.722256 5.531402 6.21482 6.699246 9.006219 2.969039 1.14815 1.319617 2.876231 2.182135 0.3478069 2.027224 2.58704 1.043318 
9.828776 14.27726 22.01452 7.367581 9.170307 11.07337 3.305108 1.634639 5.886869 3.651205 27.98533 15.24813 13.59068 7.367581 19.48608 11.4422 8.449984 7.162234 9.191314 4.050868 3.881144 2.865732 6.140591 7.329737 8.990611 6.409979 10.8517 4.990265 5.704655 6.15996 1.843091 3.096212 2.266269 2.027224 6.44791 2.549458 2.612562 2.703328 9.384329 13.35439 11.82635 10.24517 11.68143 11.66673 4.326162 2.065583 2.721116 3.682376 1.776334 2.537599 2.021257 1.966744 1.21467 
3.73428 12.69913 14.33828 13.50996 23.19233 12.93079 3.812373 3.078648 3.412661 3.899686 26.7428 12.82592 10.08603 3.651205 10.79203 6.112394 9.432076 9.365031 20.21329 25.73491 7.653283 12.5266 5.197067 3.25369 6.742542 4.610807 7.888708 7.702506 3.246277 5.282681 1.95751 3.440769 3.25369 1.623512 6.368078 0.8375805 1.043318 5.943324 8.961921 2.182135 7.520111 7.312762 7.018479 6.628827 3.489407 0.622159 2.114692 1.555077 1.539455 0.9460626 2.25559 0.3965594 2.674169 
7.101592 9.364408 11.35616 11.8471 17.65519 10.12278 6.573917 2.637836 1.738522 11.69562 2.884602 11.9798 5.902046 7.821125 1.121514 3.393201 19.80088 6.232041 13.35271 4.424921 7.821879 10.69536 4.320608 3.651205 2.440642 6.771538 4.424921 4.202257 0.6689977 2.263604 2.053857 1.32419 2.428249 1.897985 2.114692 6.722256 3.142565 2.027224 2.3319 10.99409 6.259683 2.919911 7.917805 4.873689 2.006264 0.9897894 2.857305 2.018268 2.25559 1.829935 2.295378 1.244171 1.601026 
8.730793 9.050286 17.84395 3.17119 8.422124 9.283012 2.658334 2.440642 3.537371 9.729439 16.72566 5.197067 4.396349 9.569525 10.28637 8.129292 12.59026 10.80378 10.55675 7.353916 12.99395 7.501222 7.51618 3.545867 3.146397 3.835958 2.091726 8.614458 1.433763 2.311101 3.850039 1.253851 0.9396497 1.342323 6.983757 6.417398 2.308488 0.7042284 4.525468 3.449505 5.391348 4.928684 7.67255 7.815843 5.248607 4.028557 1.813355 2.212356 1.184433 1.77293 1.244171 3.542471 3.651205 
8.25644 10.23216 13.68969 6.819581 15.66696 8.155323 2.857305 2.413293 3.2314 2.7976 13.29192 10.4969 5.931273 4.948088 5.457457 4.424921 9.439493 4.125811 4.501545 12.47486 2.223244 5.01301 9.849459 8.747566 1.433763 1.674803 2.563616 3.919674 2.563616 0.8866771 2.865732 2.989269 1.037507 2.457887 8.306867 1.789885 2.718899 1.169021 3.346749 1.813355 2.367855 5.252025 9.981313 6.983757 3.277664 3.564486 2.428249 1.623512 3.163582 1.328746 1.390971 4.195106 3.361111 
10.96158 13.74846 5.603281 12.32002 5.330011 2.400758 8.289147 5.784648 3.842222 3.433764 4.525468 12.50348 1.09974 7.966053 0.9460626 6.428511 3.857839 9.050286 9.63202 4.82054 2.511311 2.085945 4.027065 2.876231 0.4534808 0.4918672 2.457887 2.865732 1.803334 0.4399415 1.390971 2.134584 1.132244 7.591285 2.018268 4.324774 3.053098 2.714459 6.409979 4.282929 3.557727 2.646966 0.9460626 11.08998 5.722415 0.6689977 1.32419 1.408244 1.89161 0.7042284 3.047172 2.311101 2.433214 
1.209683 6.486528 6.896587 10.66346 5.63728 23.10968 25.20897 9.024392 11.23417 2.563616 3.410897 9.702484 10.48256 12.86596 6.957384 2.646966 6.418325 3.25369 5.743237 2.3319 1.897985 1.978988 7.058064 3.405597 1.446353 1.184433 2.470131 1.982038 0.9331927 0.4666273 3.4963 2.808356 2.114692 2.999333 3.992597 2.747581 1.674803 5.374691 4.102448 3.433764 3.545867 1.813355 4.858916 8.050671 2.801907 2.165472 0.8375805 1.184433 1.132244 1.037507 1.897985 0.4918672 6.409979 
