23910 40.7588104433321 15.6250948078811
23911 36.2750082611282 13.2633069549904
23912 35.3681154201532 14.6326639937556
23913 98.852469437198 30.2416047773152
23914 38.0216981428395 17.669439710483
23915 31.3636128558096 20.1252874450477
23916 33.8797991916943 15.1902371019242
23917 70.9839428798941 39.0735538239801
23918 82.2906207781302 23.1479326158215
23919 34.891807649851 21.070342099139
23920 35.5909078124247 12.2924111165117
23921 30.8641314050902 20.1010684081551
23922 52.2364535698469 14.7880393930713
23923 48.0795411027233 10.8997010478438
23924 45.1439630986131 12.8004044175205
23925 44.7717699360142 25.9711665294823
23926 67.566696428346 20.9262637358827
23927 41.6221021668488 16.0786450377529
23928 36.1220081472115 17.9215772965663
23929 34.7518741786899 22.7704569321703
23930 79.2643839608124 40.6449268726051
23931 93.6886532596554 19.093867012642
23932 45.0544352961759 29.332800713048
23933 39.5873592785694 19.014895822055
23934 32.9379939132281 15.2289038365688
23935 49.9646712707578 11.8134615918835
23936 68.8216577367268 27.5227277087603
23937 31.9575360669918 13.0105390472178
23938 77.8504870406801 21.9558076605556
23939 30.7890233750592 22.7609939577519
23940 36.2806944574701 23.1110638758075
23941 194.041555666838 14.4230129919707
23942 44.0824726180137 15.0323640019186
23943 52.9190731539058 21.4155356776734
23944 33.8313892525607 14.9018624830266
23945 50.6877128173871 21.0030569928859
23946 39.6538295543205 17.9706002412668
23947 31.227543561521 13.3376961311311
23948 45.7354996893291 12.5480791089145
23949 43.8726690747415 16.9366712835037
23950 36.808070841214 18.7189174481617
23951 68.3367622823469 26.1780006716464
23952 39.2409730603069 14.303049871067
23953 80.2963015053633 25.5999276291044
23954 43.5458539410755 21.2089299672018
23955 32.2952199375254 14.6524906893025
23956 80.6805577861362 18.850936458816
23957 34.7876002954121 12.4239301708292
23958 35.2409516693075 20.7560519445913
23959 65.2167638902756 35.9019474920041
23960 67.5282722454068 23.4805837500907
23961 30.5539459206741 11.2147849533769
23962 39.5167588455458 14.0009328513073
23963 31.578426014668 12.5423012747475
23964 58.1219999537743 16.9513344556056
23965 39.0479115348328 11.2723662469403
23966 37.2386746980669 14.3108140425749
23967 32.5853802687322 14.5360762720491
23968 52.0866771876618 15.666985408136
23969 30.4323960522742 20.7036002171775
23970 38.4173112518778 11.6885266777122
23971 44.9251931420205 24.7193021656519
23972 48.4848626713236 13.8185437996242
23973 58.2143252975147 35.3842460329262
23974 106.98515734445 19.6971018281255
23975 31.4038223198804 10.1858697863321
23976 42.4378683667229 24.8168287348277
23977 32.5357485993468 17.5375757743333
23978 31.4857240437012 21.6598176950023
23979 89.5054351841093 29.2234983928106
23980 80.5493611179833 20.1117090526465
23981 31.0940939894776 22.3727044962279
23982 46.815195673041 15.6591183740092
23983 33.660972948434 18.7853313613157
23984 30.0249246655075 13.5433430436486
23985 56.091783117313 18.3201793067365
23986 48.6756415914893 14.1323541034523
23987 43.6668147636853 17.9268696117136
23988 47.6918010490784 36.3254817384504
23989 31.6479096906847 25.3425109143264
23990 36.0025772058332 14.4513645221479
23991 50.0242411788101 21.9004722981941
23992 33.7099113380439 15.5437566140043
23993 43.3270798535747 12.9411716577368
23994 37.0862870957956 18.3905223699622
23995 44.2797248751274 26.1644975178315
23996 71.5863594707952 22.9102914362527
23997 33.1041451874031 18.9437523236399
23998 40.7546546289894 19.2536773395866
23999 35.9410286745953 17.248537484056
24000 33.9671050168095 16.8619450932497
24001 33.9806894969055 19.8506570021491
24002 61.935723996235 31.0157020202891
24003 48.8308257976108 15.074364169182
24004 41.5407361757557 16.7209193629099
24005 80.156776526108 12.2069691211595
24006 80.8898874093445 30.5475446731782
24007 31.9252882555978 15.2503024852468
24008 40.48658678835 22.1135660368442
24009 30.9900179906025 14.7371321689711
24010 35.5835546759182 22.186909105705
24011 51.7968333236232 39.5216670310019
24012 33.1140682039343 18.3538734976924
24013 37.9828440357544 25.8337695307872
24014 52.8830874119896 19.4818637204472
24015 30.9845079262685 13.3508749223207
24016 53.2217369036619 12.2188467121389
24017 35.8115869480522 20.790845832497
24018 82.4497322627062 11.7543276833666
24019 88.0155941040447 32.52991663033
24020 64.7702617434699 11.6832631315105
24021 51.0081680175981 25.2516669618775
24022 32.811705048337 13.9884928475213
24023 32.7120768753449 22.4152330147353
24024 36.0534009918266 20.6251128592905
24025 43.8829478063566 14.2293802618773
24026 52.7156343628036 12.3198987471286
24027 59.3072344330626 14.4295934290687
24028 54.5307102968022 36.4569970763583
24029 57.2546467068097 11.2266982369349
24030 32.2606215790216 23.1401208358417
24031 40.0685245598377 16.1001524398759
24032 42.6155975750765 11.503798129465
24033 31.8132760833161 11.9782129980216
24034 43.7623438138837 10.5436257325132
24035 52.0777277904916 19.6380359137061
24036 60.6483070470212 11.1303745908006
24037 32.1562365711955 22.0728476338567
24038 56.7475741105168 22.7265244220344
24039 65.2087706496124 26.5491975716943
24040 36.378333116551 15.490554279988
24041 30.6047954926512 11.1392901256237
24042 31.2641051897169 22.1722362935204
24043 53.6588425108406 39.3679518862701
24044 96.2312751116101 32.6360307022822
24045 45.173120001152 16.9482947845082
24046 78.4965694198442 15.0985920745133
24047 52.9491443187656 22.3799873180431
24048 33.9450491192376 14.7353967136665
24049 31.9794122128245 16.9752233778331
24050 42.912821427026 29.4723339545234
24051 86.1851696773284 10.0647386261709
24052 30.9431994472782 14.6638375347612
24053 36.5288385860302 15.5354652615293
24054 34.2672011860851 11.7530620746278
24055 41.3016060409404 19.6753273616932
24056 34.0146383633555 17.0538695007095
24057 30.2135955499187 14.3251569456088
24058 41.3182707173279 16.0139784923055
24059 56.1306942202106 25.5440389193814
24060 118.913958256797 29.1959901099373
24061 30.3334778395326 15.3145814275721
24062 34.419582705161 16.7417498212933
24063 35.4643253278713 10.0421313586603
24064 72.9833352977074 17.102659617208
24065 128.618633866812 14.8126031777665
24066 34.2953417032729 19.5769613134107
24067 33.3180567619746 21.2410245328664
24068 32.2054266349236 14.1108812621991
24069 95.0162811722355 16.9124593960323
24070 33.3369208935392 12.1605906838204
24071 52.2543592073755 34.4447153585254
24072 101.492321519109 33.7585337516941
24073 35.2019193675794 10.6022687287807
24074 44.3253656646877 17.2524939172112
24075 40.2960620293221 14.0682410151829
24076 32.6546731597652 15.0523435231321
24077 38.8140595792398 18.0224775750896
24078 30.4747815859819 14.5974203128689
24079 49.5826359433979 16.4123613427203
24080 55.9427472608578 25.2168752683804
24081 30.6516829042976 12.4928294794777
24082 45.2694001638364 17.1319982738989
24083 35.1364864591485 14.9543200155782
24084 42.4476435579775 13.4228507662451
24085 43.99535038192 20.3796152390949
24086 43.8286631240059 10.8354985660956
24087 42.9470593187492 11.8536231273816
24088 30.0040744622822 12.6601353885228
24089 48.6084580361643 16.1027832093811
24090 52.499981199767 11.6433877943676
24091 34.7763868737268 15.4816910478264
24092 33.2142623653378 10.7379900730799
24093 76.7409990802846 26.6148681633396
24094 45.2569799157689 15.0025474612805
24095 32.665180209737 15.6592757080844
24096 43.7684585905094 11.6949509518601
24097 56.3775468809327 12.8490382473934
24098 35.6103077037032 12.8418572489817
24099 33.4285032727519 10.8792097113365
24100 35.4088794625694 15.9758056073027
24101 42.5437234230968 13.2214127174905
24102 32.899604956054 10.7573454838365
24103 54.8947390296546 10.3668280123845
24104 51.2982949194143 10.8967471698727
24105 35.996538421009 17.0494548811585
24106 31.964541606041 23.7431380955809
24107 64.4571445917283 19.3822820639636
24108 36.0803396781903 17.0328168932696
24109 57.5137738191097 11.8418198625243
24110 47.0060011735281 12.5733110586337
24111 56.0826668964302 14.493690009643
24112 42.7216002627483 15.2121135834372
24113 140.911786193718 14.2934096374792
24114 31.4111671840545 12.7833582292369
24115 31.2657844304925 11.9176502107803
24116 41.9188203311845 18.2754674254894
24117 33.31823393807 26.1292606197289
24118 30.5630182971973 15.5227572892237
24119 34.767036939442 26.5718315395068
24120 60.6875663364505 27.8044009666638
24121 64.8217653977286 26.363896668667
24122 45.2623920573582 11.399538519152
24123 38.4440284741445 18.0217784803743
24124 45.5731297643899 16.7581379296334
24125 30.4673661426143 26.1570357620401
24126 67.9418998922395 12.02213872717
24127 92.8211690139269 18.9405930008548
24128 35.2333984725614 13.5220973628383
24129 82.4116544189611 16.1142893921194
24130 65.3635822810915 10.1724936804267
24131 108.916012049426 32.8586466132233
24132 36.5419968150158 21.9364804570608
24133 33.218482130946 23.5860400296912
24134 30.5832932322266 28.5482972317147
24135 86.1694332624641 11.8284462950065
24136 38.7885149308037 18.086170198056
24137 41.9044274849553 10.2522733974191
24138 48.4632028901063 12.6918998839266
24139 31.3994253847476 13.2703876331125
24140 51.5203951110045 33.5492641564223
24141 95.9613374094173 15.6605435673898
24142 32.0715631050641 15.4602793479774
24143 57.7849076093026 19.3550191085403
24144 35.0600022268083 14.2455853197618
24145 56.3515938650242 10.1664451209919
24146 43.2370814422324 25.0335776716752
24147 91.1201878415619 36.431514654456
24148 98.3138213125802 39.5458106171562
24149 43.3295505622586 19.5267848076377
24150 39.7406126700381 18.7670592893834
24151 66.9706015203564 20.5378136413605
24152 41.2436784888198 17.4272436955454
24153 45.0807701363892 12.4419580967795
24154 31.5730716469392 18.8569594313778
24155 33.7508050429911 19.7800040686866
24156 57.1683842075327 14.7693694238338
24157 39.4856172209468 12.5072501341552
24158 37.3683037332341 17.8007507661416
24159 87.5537291741264 22.0313270784881
24160 78.5540872757804 23.1027623944545
24161 42.0672723317546 15.1530647669904
24162 53.0720670399319 16.0816997838221
24163 53.9952278092855 10.5567214323645
24164 55.3098702143606 17.3574658389215
24165 30.3386652034803 10.203505313807
24166 39.7003980491543 24.5512761668717
24167 37.1089950269022 15.7451049401763
24168 60.9696711369875 11.3859275952086
24169 34.9221561345068 14.544193575484
24170 60.6035242789963 19.6898642281876
24171 36.5810599438973 11.141312619333
24172 77.1179477733708 25.2336654633281
24173 178.618809336195 19.5902525103967
24174 54.040096135074 15.5704196950468
24175 43.6309589386448 15.3824119048882
24176 48.8521972895062 11.9989967359103
24177 54.06501167651 15.9305034418909
24178 34.7625504029272 11.0048148354558
24179 60.2207861339648 14.5872691553915
24180 37.6563849384674 10.2575345906159
24181 49.5151650924497 19.0443695041634
24182 48.6067685942753 14.4204947381213
24183 38.8236297987383 21.2380141578261
24184 82.3342364149705 13.1163167039815
24185 30.3291209912753 11.7897561093249
24186 49.4032542457161 14.0918146797274
24187 47.5298004174789 15.9963759930422
24188 35.6203841352942 11.315431306662
